2.18000000e00, -16.875
2.63177330e00, -16.875
3.17717004e00, -16.875
3.83559233e00, -16.875
4.63046306e00, -16.875
5.59005918e00, -16.875
6.74851766e00, -16.875
8.14704980e00, -16.875
9.83540739e00, -16.875
1.18736525e01, -16.875
1.43342944e01, -16.875
1.73048684e01, -16.875
2.08910507e01, -16.875
2.52204172e01, -16.875
3.04469818e01, -16.875
3.67566761e01, -16.875
4.43739626e01, -16.875
5.35698211e01, -16.875
6.46713874e01, -16.875
7.80735920e01, -16.875
9.42532085e01, -16.875
1.13785815e02, -16.875
1.37366271e02, -16.875
1.65833433e02, -16.875
2.00200000e02, -16.875
2.39800000e02, -16.875
3.17794829e02, -16.875
4.21157437e02, -16.875
5.58138682e02, -16.875
7.39673007e02, -16.875
9.80251281e02, -16.875
1.29907752e03, -16.875
1.72160182e03, -16.875
2.28155195e03, -16.875
3.02362557e03, -16.875
4.00705827e03, -16.875
5.31035195e03, -16.875
7.03754125e03, -16.875
9.32649800e03, -16.875
1.23599368e04, -16.875
1.63800000e04, -16.875
1.63800000e04, -5.625
1.23599368e04, -5.625
9.32649800e03, -5.625
7.03754125e03, -5.625
5.31035195e03, -5.625
4.00705827e03, -5.625
3.02362557e03, -5.625
2.28155195e03, -5.625
1.72160182e03, -5.625
1.29907752e03, -5.625
9.80251281e02, -5.625
7.39673007e02, -5.625
5.58138682e02, -5.625
4.21157437e02, -5.625
3.17794829e02, -5.625
2.39800000e02, -5.625
2.00200000e02, -5.625
1.65833433e02, -5.625
1.37366271e02, -5.625
1.13785815e02, -5.625
9.42532085e01, -5.625
7.80735920e01, -5.625
6.46713874e01, -5.625
5.35698211e01, -5.625
4.43739626e01, -5.625
3.67566761e01, -5.625
3.04469818e01, -5.625
2.52204172e01, -5.625
2.08910507e01, -5.625
1.73048684e01, -5.625
1.43342944e01, -5.625
1.18736525e01, -5.625
9.83540739e00, -5.625
8.14704980e00, -5.625
6.74851766e00, -5.625
5.59005918e00, -5.625
4.63046306e00, -5.625
3.83559233e00, -5.625
3.17717004e00, -5.625
2.63177330e00, -5.625
2.18000000e00, -5.625
2.18000000e00, 5.625
2.63177330e00, 5.625
3.17717004e00, 5.625
3.83559233e00, 5.625
4.63046306e00, 5.625
5.59005918e00, 5.625
6.74851766e00, 5.625
8.14704980e00, 5.625
9.83540739e00, 5.625
1.18736525e01, 5.625
1.43342944e01, 5.625
1.73048684e01, 5.625
2.08910507e01, 5.625
2.52204172e01, 5.625
3.04469818e01, 5.625
3.67566761e01, 5.625
4.43739626e01, 5.625
5.35698211e01, 5.625
6.46713874e01, 5.625
7.80735920e01, 5.625
9.42532085e01, 5.625
1.13785815e02, 5.625
1.37366271e02, 5.625
1.65833433e02, 5.625
2.00200000e02, 5.625
2.39800000e02, 5.625
3.17794829e02, 5.625
4.21157437e02, 5.625
5.58138682e02, 5.625
7.39673007e02, 5.625
9.80251281e02, 5.625
1.29907752e03, 5.625
1.72160182e03, 5.625
2.28155195e03, 5.625
3.02362557e03, 5.625
4.00705827e03, 5.625
5.31035195e03, 5.625
7.03754125e03, 5.625
9.32649800e03, 5.625
1.23599368e04, 5.625
1.63800000e04, 5.625
1.63800000e04, 16.875
1.23599368e04, 16.875
9.32649800e03, 16.875
7.03754125e03, 16.875
5.31035195e03, 16.875
4.00705827e03, 16.875
3.02362557e03, 16.875
2.28155195e03, 16.875
1.72160182e03, 16.875
1.29907752e03, 16.875
9.80251281e02, 16.875
7.39673007e02, 16.875
5.58138682e02, 16.875
4.21157437e02, 16.875
3.17794829e02, 16.875
2.39800000e02, 16.875
2.00200000e02, 16.875
1.65833433e02, 16.875
1.37366271e02, 16.875
1.13785815e02, 16.875
9.42532085e01, 16.875
7.80735920e01, 16.875
6.46713874e01, 16.875
5.35698211e01, 16.875
4.43739626e01, 16.875
3.67566761e01, 16.875
3.04469818e01, 16.875
2.52204172e01, 16.875
2.08910507e01, 16.875
1.73048684e01, 16.875
1.43342944e01, 16.875
1.18736525e01, 16.875
9.83540739e00, 16.875
8.14704980e00, 16.875
6.74851766e00, 16.875
5.59005918e00, 16.875
4.63046306e00, 16.875
3.83559233e00, 16.875
3.17717004e00, 16.875
2.63177330e00, 16.875
2.18000000e00, 16.875