295, -16.875
299.4444444, -16.875
303.8888889, -16.875
308.3333333, -16.875
312.7777778, -16.875
317.2222222, -16.875
321.6666667, -16.875
326.1111111, -16.875
330.5555556, -16.875
335, -16.875
339.4444444, -16.875
343.8888889, -16.875
348.3333333, -16.875
352.7777778, -16.875
357.2222222, -16.875
361.6666667, -16.875
366.1111111, -16.875
370.5555556, -16.875
375, -16.875
379.4444444, -16.875
383.8888889, -16.875
388.3333333, -16.875
392.7777778, -16.875
397.2222222, -16.875
401.6666667, -16.875
406.1111111, -16.875
410.5555556, -16.875
415, -16.875
419.4444444, -16.875
423.8888889, -16.875
428.3333333, -16.875
432.7777778, -16.875
437.2222222, -16.875
441.6666667, -16.875
446.1111111, -16.875
450.5555556, -16.875
455, -16.875
459.4444444, -16.875
463.8888889, -16.875
468.3333333, -16.875
472.7777778, -16.875
477.2222222, -16.875
481.6666667, -16.875
486.1111111, -16.875
490.5555556, -16.875
495, -16.875
499.4444444, -16.875
503.8888889, -16.875
508.3333333, -16.875
512.7777778, -16.875
517.2222222, -16.875
521.6666667, -16.875
526.1111111, -16.875
530.5555556, -16.875
535, -16.875
539.4444444, -16.875
543.8888889, -16.875
548.3333333, -16.875
552.7777778, -16.875
557.2222222, -16.875
561.6666667, -16.875
566.1111111, -16.875
570.5555556, -16.875
575, -16.875
